[gd_scene format=3 uid="uid://c37gvunodskee"]

[ext_resource type="PackedScene" uid="uid://c5x2v82qqhmqu" path="res://prefabs/Star.tscn" id="1_bqvsh"]
[ext_resource type="Script" uid="uid://bep2mitlubi2y" path="res://baseScene.gd" id="1_k8yl0"]
[ext_resource type="Texture2D" uid="uid://svijnbaaeuol" path="res://textures/Free DEMO Pixel Skies Background pack by Digital Moons/demo01_PixelSky.png" id="2_df8lk"]
[ext_resource type="PackedScene" uid="uid://x18ax2thkbko" path="res://prefabs/PlayerSpawn.tscn" id="5_pxpqt"]
[ext_resource type="Script" uid="uid://csjccrhj5wnx7" path="res://addons/phantom_camera/scripts/phantom_camera/phantom_camera_3d.gd" id="6_pxpqt"]
[ext_resource type="Script" uid="uid://8umksf8e80fw" path="res://addons/phantom_camera/scripts/resources/tween_resource.gd" id="7_k8yl0"]
[ext_resource type="PackedScene" uid="uid://c0akl332hihh1" path="res://prefabs/octagon.tscn" id="7_pxpqt"]
[ext_resource type="PackedScene" uid="uid://bgnb5bwdh3a5b" path="res://prefabs/3x3Platform.tscn" id="8_k8yl0"]
[ext_resource type="PackedScene" uid="uid://wibtes6m0u1h" path="res://prefabs/tree.tscn" id="9_ix6w0"]
[ext_resource type="PackedScene" uid="uid://cw4cypd2q7pdr" path="res://prefabs/rock1.tscn" id="10_oewem"]
[ext_resource type="PackedScene" uid="uid://h4ks4xpce6t7" path="res://prefabs/cube.tscn" id="11_6ea13"]
[ext_resource type="PackedScene" uid="uid://dy84oa60r7n18" path="res://prefabs/nuclearcube.tscn" id="12_t7qil"]
[ext_resource type="PackedScene" uid="uid://ck23wxn4q834b" path="res://prefabs/SimpleEnemy.tscn" id="13_f0rtv"]
[ext_resource type="PackedScene" uid="uid://cepxnhvb2wy6h" path="res://prefabs/IceCube.tscn" id="14_yexxi"]

[sub_resource type="PanoramaSkyMaterial" id="PanoramaSkyMaterial_0kh3j"]
panorama = ExtResource("2_df8lk")
filter = false

[sub_resource type="Sky" id="Sky_t5ash"]
sky_material = SubResource("PanoramaSkyMaterial_0kh3j")
radiance_size = 0

[sub_resource type="Environment" id="Environment_df8lk"]
background_mode = 2
background_energy_multiplier = 0.5
sky = SubResource("Sky_t5ash")
ambient_light_color = Color(1, 1, 1, 1)
tonemap_mode = 2
glow_enabled = true

[sub_resource type="Resource" id="Resource_ix6w0"]
script = ExtResource("7_k8yl0")
duration = 0.0

[sub_resource type="WorldBoundaryShape3D" id="WorldBoundaryShape3D_1nuv2"]

[sub_resource type="BoxShape3D" id="BoxShape3D_k8yl0"]
size = Vector3(50, 50, 48.19922)

[node name="Testscene" type="Node3D" unique_id=1867083525]
script = ExtResource("1_k8yl0")

[node name="Lighting" type="Node" parent="." unique_id=889023895]

[node name="WorldEnvironment" type="WorldEnvironment" parent="Lighting" unique_id=1938912819]
environment = SubResource("Environment_df8lk")

[node name="DirectionalLight3D" type="DirectionalLight3D" parent="Lighting" unique_id=622337092]
transform = Transform3D(-0.866025, -0.433013, 0.25, 0, 0.5, 0.866026, -0.5, 0.75, -0.433013, 0, 5, 0)
shadow_enabled = true
directional_shadow_max_distance = 250.0

[node name="Star" parent="." unique_id=1036149878 instance=ExtResource("1_bqvsh")]
transform = Transform3D(1, 0, 0, 0, 1, 0, 0, 0, 1, 0, 105.75519, 85)

[node name="PlayerSpawn" parent="." unique_id=1298073336 instance=ExtResource("5_pxpqt")]
transform = Transform3D(-0.9986523, 0, -0.051900335, 0, 1, 0, 0.051900335, 0, -0.9986523, 0, 101, 0)

[node name="PlayerSpawn2" parent="." unique_id=1578728329 instance=ExtResource("5_pxpqt")]
transform = Transform3D(-0.9986523, 0, -0.051900335, 0, 1, 0, 0.051900335, 0, -0.9986523, 2, 101, 0)

[node name="PlayerSpawn3" parent="." unique_id=774060412 instance=ExtResource("5_pxpqt")]
transform = Transform3D(-0.9986523, 0, -0.051900335, 0, 1, 0, 0.051900335, 0, -0.9986523, -2, 101, 0)

[node name="PlayerSpawn4" parent="." unique_id=1198570206 instance=ExtResource("5_pxpqt")]
transform = Transform3D(-0.9986523, 0, -0.051900335, 0, 1, 0, 0.051900335, 0, -0.9986523, -4, 101, 0)

[node name="PlayerSpawn5" parent="." unique_id=699222399 instance=ExtResource("5_pxpqt")]
transform = Transform3D(-0.9986523, 0, -0.051900335, 0, 1, 0, 0.051900335, 0, -0.9986523, 4, 101, 0)

[node name="PhantomCamera3D" type="Node3D" parent="." unique_id=1004881554]
transform = Transform3D(-0.8660254, 0, 0.50000006, 0, 1, 0, -0.50000006, 0, -0.8660254, 0, 106.148346, -17.732723)
script = ExtResource("6_pxpqt")
priority = 50
tween_resource = SubResource("Resource_ix6w0")
metadata/_custom_type_script = "uid://csjccrhj5wnx7"

[node name="PhantomCamera3D2" type="Node3D" parent="." unique_id=679253071]
transform = Transform3D(0.9983798, 0, 0.056900233, -0.021087252, 0.9287924, 0.37, -0.052848507, -0.37060043, 0.92728764, 0, 106.148346, 95.622025)
script = ExtResource("6_pxpqt")
priority = 50
tween_resource = SubResource("Resource_ix6w0")
metadata/_custom_type_script = "uid://csjccrhj5wnx7"

[node name="PhantomCamera3D3" type="Node3D" parent="." unique_id=133932300]
transform = Transform3D(-0.052848548, -0.37060046, 0.92728764, -0.021087252, 0.92879236, 0.37, -0.9983798, 4.3879634e-08, -0.056900263, 67.48776, 106.148346, 45.04531)
script = ExtResource("6_pxpqt")
priority = 50
tween_resource = SubResource("Resource_ix6w0")
metadata/_custom_type_script = "uid://csjccrhj5wnx7"

[node name="MultiplayerSpawner" type="MultiplayerSpawner" parent="." unique_id=2070496638]
spawn_path = NodePath("..")

[node name="deathplane" type="Area3D" parent="." unique_id=1015344977]
collision_layer = 0
collision_mask = 2

[node name="CollisionShape3D" type="CollisionShape3D" parent="deathplane" unique_id=1794330788]
shape = SubResource("WorldBoundaryShape3D_1nuv2")
debug_color = Color(0.99215686, 0, 0.27058825, 1)

[node name="Octagon" parent="." unique_id=879052091 instance=ExtResource("7_pxpqt")]

[node name="Octagon3" parent="." unique_id=1133224250 instance=ExtResource("7_pxpqt")]
transform = Transform3D(1, 0, 0, 0, 1, 0, 0, 0, 1, 32, 0, 11)

[node name="Octagon2" parent="." unique_id=1691761476 instance=ExtResource("7_pxpqt")]
transform = Transform3D(1, 0, 0, 0, 1, 0, 0, 0, 1, 0, 0, 85)

[node name="3x3Platform" parent="." unique_id=23620910 instance=ExtResource("8_k8yl0")]
transform = Transform3D(1, 0, 0, 0, 1, 0, 0, 0, 1, -4, 99.44984, 0)

[node name="3x3Platform2" parent="." unique_id=1439385277 instance=ExtResource("8_k8yl0")]
transform = Transform3D(1, 0, 0, 0, 1, 0, 0, 0, 1, 0, 99.44984, 0)

[node name="3x3Platform3" parent="." unique_id=1643658215 instance=ExtResource("8_k8yl0")]
transform = Transform3D(1, 0, 0, 0, 1, 0, 0, 0, 1, 4, 99.44984, 0)

[node name="Area3D" type="Area3D" parent="." unique_id=1362371637]
transform = Transform3D(1, 0, 0, 0, 1, 0, 0, 0, 1, 0, 101.88252, 43)
collision_mask = 3
priority = 1
gravity_space_override = 3
gravity_point_center = Vector3(0, 0, 1)
gravity_direction = Vector3(0, 0, 1)

[node name="CollisionShape3D" type="CollisionShape3D" parent="Area3D" unique_id=1406324228]
transform = Transform3D(1, 0, 0, 0, 1, 0, 0, 0, 1, 0, 0, 5.9003906)
shape = SubResource("BoxShape3D_k8yl0")
debug_color = Color(0.99326307, 0, 0.24691096, 0.41960785)

[node name="Tree" parent="." unique_id=2143920079 instance=ExtResource("9_ix6w0")]
transform = Transform3D(1, 0, 0, 0, 0.2277886, -0.97371054, 0, 0.97371054, 0.2277886, 0, 97.94835, 14.868952)

[node name="Tree2" parent="." unique_id=300625443 instance=ExtResource("9_ix6w0")]
transform = Transform3D(1, 0, 0, 0, 1, 0, 0, 0, 1, -3, 94, 21.880476)

[node name="Rock1" parent="." unique_id=2035656748 instance=ExtResource("10_oewem")]
transform = Transform3D(-3.15, 2.7538175e-07, 0, -2.7538175e-07, -3.15, 0, 0, 0, 3.15, -3, 94, 21.880476)

[node name="Rock2" parent="." unique_id=1666786258 instance=ExtResource("10_oewem")]
transform = Transform3D(2.255, 0, 0, 0, 2.255, 0, 0, 0, 2.255, 0, 99.57921, 85)

[node name="Cube" parent="." unique_id=2129962462 instance=ExtResource("11_6ea13")]
transform = Transform3D(2, 0, 0, 0, 2, 0, 0, 0, 2, 0, 100.6106, 76)

[node name="Nuclearcube" parent="." unique_id=559031872 instance=ExtResource("12_t7qil")]
transform = Transform3D(25.53, 0, 0, 0, 25.53, 0, 0, 0, 25.53, 0, 86.96615, 85.005615)

[node name="SimpleEnemy" parent="." unique_id=508805129 instance=ExtResource("13_f0rtv")]
transform = Transform3D(1, 0, 0, 0, 1, 0, 0, 0, 1, 31.476742, 99.61269, 19.506218)

[node name="SimpleEnemy2" parent="." unique_id=867760921 instance=ExtResource("13_f0rtv")]
transform = Transform3D(1, 0, 0, 0, 1, 0, 0, 0, 1, 38.47674, 99.61269, 14.506218)

[node name="SimpleEnemy3" parent="." unique_id=2028372654 instance=ExtResource("13_f0rtv")]
transform = Transform3D(1, 0, 0, 0, 1, 0, 0, 0, 1, 29.476742, 99.61269, 10.506218)

[node name="SimpleEnemy4" parent="." unique_id=669396020 instance=ExtResource("13_f0rtv")]
transform = Transform3D(1, 0, 0, 0, 1, 0, 0, 0, 1, 35.47674, 99.61269, 5.506218)

[node name="SimpleEnemy5" parent="." unique_id=1460587578 instance=ExtResource("13_f0rtv")]
transform = Transform3D(1, 0, 0, 0, 1, 0, 0, 0, 1, 25.476742, 99.61269, 3.506218)

[node name="SimpleEnemy6" parent="." unique_id=108271106 instance=ExtResource("13_f0rtv")]
transform = Transform3D(1, 0, 0, 0, 1, 0, 0, 0, 1, 39.47674, 99.61269, 7.506218)

[node name="SimpleEnemy7" parent="." unique_id=1048357859 instance=ExtResource("13_f0rtv")]
transform = Transform3D(1, 0, 0, 0, 1, 0, 0, 0, 1, 23.476742, 99.61269, 12.506218)

[node name="IceCube" parent="." unique_id=1793228314 instance=ExtResource("14_yexxi")]
transform = Transform3D(1, 0, 0, 0, 1, 0, 0, 0, 1, -18, 98, -18)

[node name="IceCube2" parent="." unique_id=953216176 instance=ExtResource("14_yexxi")]
transform = Transform3D(1, 0, 0, 0, 1, 0, 0, 0, 1, -18, 98, -10)

[node name="IceCube3" parent="." unique_id=219118062 instance=ExtResource("14_yexxi")]
transform = Transform3D(1, 0, 0, 0, 1, 0, 0, 0, 1, -18, 98, -1)

[node name="IceCube4" parent="." unique_id=1018189911 instance=ExtResource("14_yexxi")]
transform = Transform3D(1, 0, 0, 0, 1, 0, 0, 0, 1, -18, 98, 9)

[node name="IceCube5" parent="." unique_id=589309088 instance=ExtResource("14_yexxi")]
transform = Transform3D(1, 0, 0, 0, 1, 0, 0, 0, 1, -18, 98, 19)

[connection signal="collide" from="Star" to="." method="_on_star_collide"]
[connection signal="body_entered" from="deathplane" to="." method="_on_deathplane_body_entered"]
[connection signal="player_collide" from="Nuclearcube" to="." method="_on_deathplane_body_entered"]
