[gd_scene format=3 uid="uid://c37gvunodskee"]

[ext_resource type="PackedScene" uid="uid://c5x2v82qqhmqu" path="res://prefabs/Star.tscn" id="1_bqvsh"]
[ext_resource type="Script" uid="uid://bep2mitlubi2y" path="res://baseScene.gd" id="1_k8yl0"]
[ext_resource type="Texture2D" uid="uid://svijnbaaeuol" path="res://textures/Free DEMO Pixel Skies Background pack by Digital Moons/demo01_PixelSky.png" id="2_df8lk"]
[ext_resource type="PackedScene" uid="uid://x18ax2thkbko" path="res://prefabs/PlayerSpawn.tscn" id="5_pxpqt"]
[ext_resource type="Script" uid="uid://csjccrhj5wnx7" path="res://addons/phantom_camera/scripts/phantom_camera/phantom_camera_3d.gd" id="6_pxpqt"]
[ext_resource type="Script" uid="uid://8umksf8e80fw" path="res://addons/phantom_camera/scripts/resources/tween_resource.gd" id="7_k8yl0"]
[ext_resource type="PackedScene" uid="uid://c0akl332hihh1" path="res://prefabs/octagon.tscn" id="7_pxpqt"]
[ext_resource type="PackedScene" uid="uid://bgnb5bwdh3a5b" path="res://prefabs/3x3Platform.tscn" id="8_k8yl0"]

[sub_resource type="PanoramaSkyMaterial" id="PanoramaSkyMaterial_0kh3j"]
panorama = ExtResource("2_df8lk")
filter = false

[sub_resource type="Sky" id="Sky_t5ash"]
sky_material = SubResource("PanoramaSkyMaterial_0kh3j")
radiance_size = 0

[sub_resource type="Environment" id="Environment_df8lk"]
background_mode = 2
background_energy_multiplier = 0.5
sky = SubResource("Sky_t5ash")
ambient_light_color = Color(1, 1, 1, 1)
tonemap_mode = 2
glow_enabled = true

[sub_resource type="Resource" id="Resource_ix6w0"]
script = ExtResource("7_k8yl0")

[sub_resource type="GDScript" id="GDScript_pxpqt"]
script/source = "extends MultiplayerSpawner
"

[sub_resource type="WorldBoundaryShape3D" id="WorldBoundaryShape3D_1nuv2"]

[node name="Testscene" type="Node3D" unique_id=1867083525]
script = ExtResource("1_k8yl0")

[node name="Lighting" type="Node" parent="." unique_id=889023895]

[node name="WorldEnvironment" type="WorldEnvironment" parent="Lighting" unique_id=1938912819]
environment = SubResource("Environment_df8lk")

[node name="DirectionalLight3D" type="DirectionalLight3D" parent="Lighting" unique_id=622337092]
transform = Transform3D(-0.866025, -0.433013, 0.25, 0, 0.5, 0.866026, -0.5, 0.75, -0.433013, 0, 5, 0)
shadow_enabled = true
directional_shadow_max_distance = 250.0

[node name="Star" parent="." unique_id=1036149878 instance=ExtResource("1_bqvsh")]
transform = Transform3D(1, 0, 0, 0, 1, 0, 0, 0, 1, 0, 103, 84)

[node name="PlayerSpawn" parent="." unique_id=1298073336 instance=ExtResource("5_pxpqt")]
transform = Transform3D(-0.9986523, 0, -0.051900335, 0, 1, 0, 0.051900335, 0, -0.9986523, 0, 101, 0)

[node name="PlayerSpawn2" parent="." unique_id=1578728329 instance=ExtResource("5_pxpqt")]
transform = Transform3D(-0.9986523, 0, -0.051900335, 0, 1, 0, 0.051900335, 0, -0.9986523, 2, 101, 0)

[node name="PlayerSpawn3" parent="." unique_id=774060412 instance=ExtResource("5_pxpqt")]
transform = Transform3D(-0.9986523, 0, -0.051900335, 0, 1, 0, 0.051900335, 0, -0.9986523, -2, 101, 0)

[node name="PlayerSpawn4" parent="." unique_id=1198570206 instance=ExtResource("5_pxpqt")]
transform = Transform3D(-0.9986523, 0, -0.051900335, 0, 1, 0, 0.051900335, 0, -0.9986523, -4, 101, 0)

[node name="PlayerSpawn5" parent="." unique_id=699222399 instance=ExtResource("5_pxpqt")]
transform = Transform3D(-0.9986523, 0, -0.051900335, 0, 1, 0, 0.051900335, 0, -0.9986523, 4, 101, 0)

[node name="PhantomCamera3D" type="Node3D" parent="." unique_id=1004881554]
transform = Transform3D(-0.8660254, 0, 0.50000006, 0, 1, 0, -0.50000006, 0, -0.8660254, 0, 106.148346, -17.732723)
script = ExtResource("6_pxpqt")
priority = 50
tween_resource = SubResource("Resource_ix6w0")
metadata/_custom_type_script = "uid://csjccrhj5wnx7"

[node name="MultiplayerSpawner" type="MultiplayerSpawner" parent="." unique_id=2070496638]
spawn_path = NodePath("..")
script = SubResource("GDScript_pxpqt")

[node name="deathplane" type="Area3D" parent="." unique_id=1015344977]
collision_layer = 0
collision_mask = 2

[node name="CollisionShape3D" type="CollisionShape3D" parent="deathplane" unique_id=1794330788]
shape = SubResource("WorldBoundaryShape3D_1nuv2")
debug_color = Color(0.99215686, 0, 0.27058825, 1)

[node name="Octagon" parent="." unique_id=879052091 instance=ExtResource("7_pxpqt")]

[node name="Octagon2" parent="." unique_id=1691761476 instance=ExtResource("7_pxpqt")]
transform = Transform3D(1, 0, 0, 0, 1, 0, 0, 0, 1, 0, 0, 84)

[node name="3x3Platform" parent="." unique_id=23620910 instance=ExtResource("8_k8yl0")]
transform = Transform3D(1, 0, 0, 0, 1, 0, 0, 0, 1, -4, 99.44984, 0)

[node name="3x3Platform2" parent="." unique_id=1439385277 instance=ExtResource("8_k8yl0")]
transform = Transform3D(1, 0, 0, 0, 1, 0, 0, 0, 1, 0, 99.44984, 0)

[node name="3x3Platform3" parent="." unique_id=1643658215 instance=ExtResource("8_k8yl0")]
transform = Transform3D(1, 0, 0, 0, 1, 0, 0, 0, 1, 4, 99.44984, 0)

[connection signal="collide" from="Star" to="." method="_on_star_collide"]
[connection signal="body_entered" from="deathplane" to="." method="_on_deathplane_body_entered"]
